DINOS

1552,260 top left
1552,1114 bottom left
1772,260 top right
1772,1114 bottom right

------------------------------------------------------
TOYS

495,1310
495,1370
530,1310
530,1370

------------------------------------------------------
SWAMP

450,490
450,520
470,490
470,520

------------------------------------------------------
SPACE

1130,1130
1130,1200
1160,1130
1160,1200

------------------------------------------------------
ROME

1220,510
1220,630
1270,510
1270,630 

------------------------------------------------------
SPAIN
190,1880
190,2040
245,1880
245,2040

